2048913574097989841
2049105539603300835
2008607763795194071
2038186642486227329
2052017333049143503
2051810460865896871
2041618194335769001
2051434163803181527
2046776649367122179
2037580858639438175
2038794004087644587
2051687208889749961
2026835076806299654
2043698093514744207
2046965247873839181
2037342281456373894
1987961019440717855
2041213463658139925
2049163827539767456
2040066101212520887
2039716053261942789
2037533427872755873
1989010618662158377
1983997618003841223
2046244964720402531
2050815937461285177
2041947473887822085
2041990512937169162
2052084721186725958
2056739314046742587
2019053966433149052
2039068842090017227
2047366115660087733
1844841991219384729
1849472895015084143
2033968723803988200
2037261131752845714
1931725496397508673
2042306600841392304
2054281209770131861
2056550038382264408
1978111592584610212
2057164473455026370
2037269879867183460
2043465331969253849
2055719223201292706
2039345471534055865
2044116702703608071
2046577027768062083
2038640152478626184
1996959724047130956
2049121996097646878
2039029103177662664
2047003296590708766
2052127511950090616
2053846055880417531
2036509484890116136
1973091797091098726
2046636225524637999
2038049747790094553
2046358420438053281
2042271872381796467
2041191486062985589
2049940632362496136
2052432127581454546
2041296432414536174
2042262603808858242
1983549398857519427
2045269874734207171
2029601164283486606
2052477922670256136
2047794344258621614
2045209644654608422
2053160200152990105
2040063304094158932
2044868072683782230
1727138496681558430
2044509545364385974
2046616368103993506
2047322206229721550
2038655958230962195
2052738739621740556
2044561998294253643
2050290264040677752
2047315653032337442
1999528723020743058
2046298351872958927
2042250179277951334
2046931008491045228
2045177565933887700
2054927575428796616
2042300055856484416
2043397790202540123
2019103909839524159
2055701243629089121
2048423479377113240
2041281467406303525
1973090583284695070
2057092404990169173
2052374163088703939
2046334907660534088
2056835046103814224
2041583711708201150
2044874321139737073
2047100624152740333
2052101486109200731
2049259430932336813
2047054899179848059
2052876078419734782
2053867796384129301
2047080539144753606
2037547876088189269
1710750338435747914
2052504804308680791
2026498663648743642
2044570773952618998
2055306295805202668
2051335689539567760
2051375611617087859
2054643620188459432
2046590980132925851
2053637209711128878
2038753595001061865
2042383016052302274
2044782488086557060
2037596111662191077
2021250136362332661
2054221013957722277
1726441858044195086
2042263454208160067
2019055986221232496
2021252566894399907
1976431966997315968
2047148473745571911
2047708332937379856
2046719496849678400
2052464760117993747
2047299482455273875
1727139146647629948
1995674517667237997
2044813072691253714
1986442395597091172
2042668398023213414
2037246727565304285
1997023577003188491
2052872434521452658
2043757424717582745
1710811250316222718
1950663912753361193
1996945001490600025
1981402262866989202
2048764205826720235
2042673010620936667
1961411443506422147
2054231378032558509
1942243958110957861
1934974369576431948
1729930738789667311
2037952919333413352
1963625708896330232
