1019759376867852288
1022120131290443777
1024307161223049218
1031983456975298560
1032636942469529601
1032673118752526337
1032795008859078656
1035204298551029760
1040561506184781824
1042809130522689540
1042866418977394688
1042876954569932801
1046785504367308803
1047135910247116800
1047540600222994432
1047673742896369671
1050013782079094784
1050134641217290250
1050146844381188106
1051938767374823425
1051961877121523712
1052631522136731653
1055430206683516932
1056993757730467840
1058084913734451200
1059135687545413632
1059811241026293761
1062737006298587136
1062791114716000258
1062792762192465923
1063445743929884672
1064552631895556097
1064592432568967168
1065069313231634432
1066916989170532353
1067161979020808192
1092976638374092800
1092992693607772161
1094993752240861185
1097906186056318984
1102564605300228096
1126918592170201090
1133442859741265921
1133832986523242499
1138532860271452161
1138574127726571520
1145682978099605504
1149077128534773763
1149307418859528192
1155775387340812288
1158778683118825472
1173967876845383680
1174796611001569281
1181252849964994560
1195765781805641729
1196851381023363072
1220195199093223425
1244286099159166979
1257418137299009538
1280894602229231618
1290015331247939584
1295893463096070146
1299012714019332096
1319349700273840129
1352431910916648960
1356677203887546370
1357977332053647360
1365053571553763328
1372272146035118087
1372550521043759110
1374465314910392326
1375116807586074633
1377270389450158081
1387592746005942277
1387900172592721930
1388110252873338889
1396215680219889664
1397202640354910212
1397603031009611784
1399900544513282048
1400581553919598599
1402323815485657094
1402356215221526540
1403321786087972865
1404589898288578561
1405832312487657474
1406272543682711556
1406931938187874306
1407310312324452355
1407346823807881219
1407642519790227459
1407697344922013699
1408099821647454209
1426287552739356677
1427737128696492034
1428039427113332741
1428323948249427968
1432761258726592518
1442270333348638720
1443637084166803461
1453773818980356098
1465320407104430092
1469712752172322830
1469800036997472269
1470460102343806983
1470471786710159368
1470849889424789509
1472179668182880257
1472991590998323205
1473307560824512512
1473397827111956485
1473674618271670277
1474041514653327374
1474096891927400450
1474152847210172424
1474358281137180673
1475528168413048835
1475528422160011271
1475537720336396289
1475577993674342402
1475675381541834756
1475833924173680651
1475887023592554505
1479581868962066437
1479659129903923205
1480570714889592837
1480574417885302785
1481328389743067144
1481419225843568641
1483423815833198595
1484580143595151369
1486004593356070914
1486100044424138752
1493294105644118016
1494699247647739906
1494822042734141448
1496211772067520514
1496901241762369539
1496945930406436874
1496986740162240512
1505997714579984396
1506263630177869829
1506451123674173443
1506723155770970112
1508533470091522059
1508887843892088842
1509164823933726721
1509200498926276612
1509504864073703425
1509930437543702542
1509980947172712449
1511029220818014216
1511082439363469317
1511111294094659592
1512550336489304073
1513963921987747852
1516090654396502020
1516386429613486080
1516405247798878216
1516914671932125188
1517274127857598470
1517294336832061441
1518938142925017090
1519806335554048007
1529271339856629763
1529526995444551682
1540692794972311552
1542141378540539910
1542499249233035264
1553104077629816834
1553721741381337089
1554215597273034752
1555258381891354624
1557759145234669568
1559178950257016832
1559224402968977409
1560002714456694785
1563246525068693505
1575246456960602114
1584566240869326849
1585317088863961092
1596548621062864896
1597318397364211714
1601243850818826240
1605004900202647554
1605322911690137601
1606034418505814021
1607394336194400257
1617176932222640129
1617685641302781953
1626959727442767872
1627659408804020225
1628279159263985664
1632874526668206081
1633923852337127427
1639779202739175427
1641192286061993984
1641457172734148608
1662669531469455366
1663212215221248002
1674896496020578305
1676256666226946049
1676699751897505794
1680637096950657030
1685334266106839041
1691203416175906817
1697462367720976389
1699428316556493159
1699975527216337347
1702171565972975689
1702308513622426010
1703027085055238211
1703413506614182258
1703549906789498955
1703817755189739964
1704158388697874784
1705549032175628746
1705648976220069950
1715376984849580424
1716192189422989455
1716986460153287157
1719509366976463239
1719529282408505652
1720059576781824459
1721284970268795228
1723694875277705440
1725182133772177723
1726378611433718043
1727007962714218602
1727031428120998363
1727405142671007758
1728479094856098134
1728532146959401384
1728543356794360014
1728832568596783172
1729161472641765520
1729358038468071492
1729639236637233201
1729863884402536802
1730004949394682147
1730232085300855148
1730380121314382118
1730981442195263545
1731440954043723790
1731760697045049426
1732045644108636247
1732095704145789377
1732103740939719039
1732415143923871897
1732437019060551879
1732539407406670259
1734684992511651850
1734728825030763006
1734963663864312236
1735406101384855677
1735666422024392706
1758568287724585469
1761213389810929836
1762209769970893020
1768810660178088210
1802755591430951053
1803887007237640519
1805663281828532306
1812100412767375788
1816195535445057700
1875557814040748363
1877103305932878112
1878901538074284422
1879179323133026607
1879241595955880334
1879274388211789935
1879295219801415959
1879611176344232341
1879613779060928851
1879634998346785108
1879642678146768899
1884198149574770980
1884418464623759807
1888951062947917916
1888962435349946605
1888970781121786203
1889793255149035671
1889803981297426608
1890034037621998018
1890068405816058270
1890129495039803514
1890417608261882148
1890417610430259329
1890489713758281925
1890530503012368514
1890858620918636963
1890928917399105814
1891155810505384051
1891885156761256238
1891887995701092714
1892213766487720099
1892263241654448401
1892263988714524859
1892351833227526410
1892601010901721307
1893080786112229613
1893106914617082232
1893121756401148339
1893662095872565730
1894073499934712107
1894111474362052923
1894131746649624846
1894486785670926806
1894521935209320933
1894522858228826519
1894785480916382130
1894801235963978028
1894863651007537343
1898173067651948667
1899594462390624341
1900536511470219500
1903136157493244078
1903137315427402153
1903446573490549025
1904207102979260924
1904281568383803850
1904338345477456120
1904555849466462503
1904613635843850377
1904637116547817788
1904644207957979248
1904652771330043971
1904663334248734919
1904903740005482510
1904979667402260497
1904988045092536499
1904991292700123167
1905002495954297037
1905266057855586513
1905292480280691027
1905326765028897059
1905349666910204326
1905594455765266520
1905654929038975036
1907212635440828662
1907506875509162478
1907815667165770198
1907888952398266767
1908243171961692465
1908297278596546783
1908992610385170915
1909260765736939613
1909284423394017435
1909345864868307036
1909584003771879579
1909600617095741465
1909632562630111729
1909653646347739160
1909750607688482835
1909765704385233224
1909967727193694468
1909977449141518597
1910076754275996065
1910088295582745078
1910092357024014564
1910097893869920503
1910107707908010483
1910690295202689492
1910793043328024990
1910818460780609671
1912158979008184369
1912946695656395067
1913264591770972414
1913674160934621318
1914681085742448961
1914772010292654469
1914813178804158842
1915081916425900524
1915141124584595683
1915165785800269900
1915172330503917633
1915371924798263740
1915792114761290197
1915798127170429356
1915865900588396567
1915888035792884223
1916284659593339245
1916459097404080541
1916588164497486207
1916621630232805863
1916839830757187989
1916841926931722480
1916866208609063340
1916984521205157996
1916989217504432478
1917269253696168185
1924499489731305771
1925525347539267638
1926685955152367864
1927482261206671689
1927492510827631071
1927492513364869137
1927507610191728767
1927735390808510662
1927755180763693155
1927756879494598812
1928066292860473722
1928105995382698258
1928119142760206533
1928184041301496248
1928237580056678460
1934980434376507806
1937912254147571835
1937964355083243583
1938239073904468088
1938241338153308532
1938245204609507460
1938246894506901624
1938273552060285428
1938342918822969421
1938379247787078037
1938567347243258048
1938583094711255252
1945921070810169664
1946293600976785453
1948115498052280478
1948503467636502826
1948511007833555197
1948729950099415220
1948753246333411431
1948775250646217055
1948896044705624394
1949137639484903891
1949469828517183890
1949517210029842818
1949517482718355591
1949558113469645019
1949811672958357580
1949817114967019773
1949824665448505764
1949835736829534650
1949949132610617395
1949964362384384094
1950031856000262453
1950075718152437826
1950179511582281879
1958533212902187485
1958673721998336295
1958922114486215114
1958940983556731154
1959292048856477821
1959796474817995239
1959975299854028951
1960068960378065347
1960130932847042717
1960765712676372968
1960943216141738427
1961116658468360450
1963971427733799003
1968040215286779922
1968397341368451103
1969757692613783885
1970473224422244767
1970480774932832749
1971242852027109425
1973108451229221189
1973108455742533865
1973829615866294446
1974144230668046846
1977852784234873023
1978465530911625456
1978944281801793536
1979290430396338450
1979304046587465922
1979306431783354857
1979346741154513392
1979548386677100850
1979940853255712898
1980244782912770114
1980299154883858689
1980332421116792981
1980350116428185931
1980397068020519131
1980725962468733181
1980780053630767326
1981065677814583342
1981118495568834826
1981120523364118871
1981133566286127216
1981328743726526693
1981364632343486963
1981417901862375771
1981441697046548683
1981480865763922410
1981783135864947186
1981831865142063534
1981862372844413068
1982085082572603881
1982116145143398888
1982131101477777788
1982238851520479235
1982507665092714821
1982550534377890155
1982734225821380695
1982801732074959308
1982804859859411113
1982839749204140515
1983170838447943730
1983248424041390348
1983262561291178407
1983286417334657511
1983504407070167422
1983515410344333632
1983534944895824215
1983549485285351780
1983652612801966565
1983866873822298599
1983874023646748936
1984016214029398505
1984244687067136184
1984249393713729726
1984259114394882190
1984274520803348492
1984275654574067886
1984334793270575322
1984380316669067491
1984682130199212317
1984682132271218860
1985331532865658979
1985376837300539419
1985400341748465940
1985422026769584216
1985440600380858515
1985512499186135110
1985723868909072647
1985724466429923374
1985814675687424504
1986069741459443852
1986493952900358517
1986508974997303583
1986509156665172174
1986551754255958343
1986595753939145150
1986634728825299271
1986796027358151088
1986814445427757061
1986816074940076385
1986818507611267384
1986841732450033781
1987218698109698471
1987279092031410584
1987292343100145792
1987550862743363963
1987866993676972167
1987886713969262903
1987913489419993540
1987928269589475770
1987935389097537665
1987958640851001408
1987963086821527816
1988324297950044558
1988392599766376733
1989435222480625895
1990585753135460607
1990806489548964034
1990958873755124072
1991160224284074153
1991235268704366988
1991557893624361280
1991558407187276250
1991606505364156765
1991944702770163874
1992276892741960163
1993009216584663052
1993341406211920163
1993486176146407554
1993670777594618177
1993716434300506563
1994114271844676047
1994437370855268663
1994545007588774347
1996948800405930360
2000616950284845297
2002062325189329348
2003100517283647981
2003514719697764401
2003977430965641269
2004073630905606524
2004665573154980209
2004979348558815466
2005692075292123611
2005704025266667985
2005717838191858121
2005764944688542059
2005776487580897768
2006047839613247588
2006068890036756785
2006150417487483146
2006388392221909157
2006455504927944719
2006514121362255918
2006522369360216513
2006789407639281948
2006843270375125444
2006886582327124462
2007183386792865950
2007211286057382363
2007506610973720707
2007858392950337778
2008202616791294058
2008247584314527998
2008286499674914980
2008317674288198069
2008331226675814646
2008548224055828761
2008563235306217705
2008570979161960470
2008593319346020621
2008655204980584854
2008680913748803928
2008940511852151043
2009094453504692296
2009094664838901965
2009336229100453903
2009372802218942785
2009403275867517433
2009631838747128213
2009647595170283619
2009702090927710271
2010074949999046874
2011203767757390049
2011255002774597867
2011602633824616845
2012289372519874567
2012290669591543971
2012641766596374938
2013683703071826257
2013727779133575429
2013739693767028868
2013765112276926608
2014008143357895133
2014126914797994415
2014476330784756100
2014720301850927537
2014828034075803679
2016324087384092895
2016582040267731180
2016896677907427537
2016962333453463824
2016967725705220339
2017000338163892702
2017364665345450032
2019070323891622193
2019531830597189862
2019542677826527405
2019785768839848057
2019833514691105066
2020136131275210809
2020213079947243648
2020922582242033716
2020934844990013674
2020940854471561418
2021241278512435429
2021250115780878450
2021279665353084933
2021583292760265139
2021593943843000684
2021627694442573978
2021639098415374418
2021660983295615093
2021672083667698162
2021975206919909460
2022077440169038031
2022078669015941162
2022102378938319206
2022322284833214655
2022426672327180326
2022429152167759976
2022469576332574908
2022759512348692573
2022997870061011067
2022999018268463220
2023023306283311341
2023556044299919624
2023791027383890240
2023810666004668441
2023912687478927709
2024141177935557112
2024221465697014134
2024243315244151182
2024478348706038152
2024604964249534584
2024618838982348883
2024885082016616581
2025006036776878463
2025288006324945235
2025926261936402764
2025948764779753653
2026006115428016257
2026030246126878978
2026267884226494954
2026268099155218833
2026341927461781869
2026496245359870270
2027075509809521017
2027129315175866767
2027158698691367338
2027435055296004257
2027449934337696099
2027493117838901644
2027507672103137715
2027584816229888499
2027797235933552860
2028560175511068855
2028887610660196642
2028905458769989675
2028943328402915802
2028983418801803741
2029247413584531693
2029678365259534581
2030006902667522075
2030301765258600550
2030320173761130767
2031004994367898032
2031123369349763451
2031451352572825783
2031456940090372370
2031732713170800787
2031780201873465364
2031911892109721777
2032109367999545528
2032453823382376616
2032549684045029761
2032882893383495789
2033573880149712974
2033674101198291309
2033706367555403968
2033880307955347926
2034072322244558874
2034586827198251438
2034657847058088240
2034986548433715364
2035150054814568613
2036064619303727131
2036081856303501533
2036208870343975074
2036444707568398471
2036535997547089935
2036543116769956155
2036587741878665669
2036835784829829624
2036836423999852718
2036863773646991522
2036953894786359745
2037163025979883733
2037165834645152254
2037169629815357490
2037208269974909398
2037241312609509503
2037254402554146868
2037281861592911920
2037319188901974084
2037587548223000852
2037645409309307131
2037941082164478068
2037952919333413352
2038350593664663876
2038607404351308165
2038623033598873705
2038727935507529992
2038756261148148108
2038999216375111885
2039312029262004714
2039365829762883619
2039372407417233503
2039402443130151081
2039407036111147195
2039499508627673148
2039517251343089990
2039703027691483494
2039704428291268676
2039711685749932074
2039719952169435253
2039727721429774416
2039740533543972945
2039748772578664951
2039779984680558616
2039790092353446324
2039847399922032919
2040023228672770225
2040045860487098830
2040062807303983407
2040066883563458586
2040093492320571557
2040103128981274912
2040138545457660058
2040210633841320397
2040454251260809340
2040455778960818588
2040503174767730698
2040775743693631836
2040779298823659939
2040786236340580609
2041138932868325873
2041463782879494490
2041487430079992275
2041494382679904367
2041563851280220603
2041579933491982620
2041606480000880832
2041621862317474010
2041634253600125389
2041653262219165988
2041863415417774320
2041878731409543411
2041905605879755153
2041912017498353906
2041997193683276126
2042232388739280996
2042237352462958662
2042246583379464539
2042274182264996260
2042297715544277310
2042335524615053771
2042358173944713341
2042379350008336555
2042590294047064125
2042592755742830715
2042605267708449250
2042632916505592121
2042682780044140977
2042695684831293760
2042749121249849580
2042776503667097972
2042961146307547296
2043061272611041539
2043094241048437040
2043096976044986758
2043274489325031812
2043638370711081467
2043692654198726811
2043704255337349527
2043721104854777998
2043722802243481888
2043723631755186462
2043731888586797400
2043744240337928304
2043744365193945186
2043744595385975184
2043756201951858996
2043757424717582745
2043765547775480117
2043768712704983042
2043792811900670369
2043835633584464319
2043838896128045260
2043868066518282260
2044001099716198784
2044023042746011682
2044047017677332599
2044047857028583761
2044067513625936190
2044078019233386573
2044110454184645110
2044140908388511891
2044217468630049264
2044372949826683104
2044394140809449733
2044441100354539900
2044726598998368576
2044783304029700435
2044783637942698218
2044823546816307670
2044853537692062188
2044893865103261802
2044917755103879379
2044953475327443280
2045134936236249589
2045148143340449857
2045181848842612986
2045256080180007028
2045335451368665161
2045520068688126070
2045555180695921102
2045600756405821890
2045859222290665758
2045921548499083493
2045932944938983882
2045951850269086074
2046038252113527294
2046180814958862505
2046213292901699867
2046276962264526962
2046321501906014247
2046340578460279276
2046346589539795424
2046350246645502190
2046350475914564012
2046351423261085923
2046423760945676699
2046608381809512814
2046619906154909898
2046624358093758770
2046657990309150739
2046667393569554550
2046720803610186159
2046723783558328745
2046938005613445272
2046954097824125201
2047026666199752987
2047036758949245170
2047037708103487572
2047128231828967935
2047133997688332500
2047159218659315734
2047344875884982397
2047349922408583564
2047351803168407673
2047365329379037538
2047370904569872891
2047401016778506334
2047438975959183480
2047463592686243840
2047671809122734141
2047711018483147215
2047759177041215733
2047783917562773833
2047801337081889240
2047843084956750278
2047860372984479882
2048056901825437865
2048139832040563031
2048173374954983836
2048174091513782383
2048244635764465756
2048520569218347469
2048573629009441148
2048715200774201683
2048769128513585618
2048773297681453257
2048858869468704975
2048867984777810075
2048891534045483076
2048896351799218631
2049030377419723071
2049108440966902056
2049120909248577916
2049132591916179919
2049135030820364505
2049146951791247648
2049149660871131200
2049150062685552756
2049150064199634948
2049150262137242087
2049151104194089316
2049161523990335813
2049171777926877463
2049175999145812093
2049193167019225160
2049193184886976526
2049195380248633390
2049207335113888251
2049223990246338574
2049237143197765947
2049253872993288581
2049281442451001711
2049436448793735320
2049443389452525810
2049480027482276181
2049480549446681051
2049490412726079767
2049500418749653173
2049515299704082829
2049549405485744172
2049550927963574585
2049551254829805876
2049555407178227806
2049567999598965212
2049573677411262872
2049607925849588005
2049608360744329482
2049624626485989657
2049833959299715158
2049837837558653140
2049854506377138263
2049857670132236703
2049860340230348875
2049885074447839414
2049912107089399991
2049920303497683369
2049961328358437029
2049992010874962225
2050196610722722037
2050243966151336296
2050256038465548302
2050314479678734679
2050317374260154687
2050549052815585743
2050614136313164101
2050698951632867841
2050727107009917026
2050820912593744263
2050999565843668993
2051019567753785845
2051077845548400743
2051106137961894228
2051232478367523276
2051257242725327342
2051309368721694848
2051318839455957005
2051321465044078660
2051324799352275287
2051331265656397881
2051394006488084815
2051413120447373356
2051602984967024767
2051655799819178210
2051659706456809963
2051693560840474706
2051775374174928939
2051800169373462858
2051807169524179351
2052036611353764137
2052086837947007442
2052101576299278806
2052121157835378971
2052158945129562194
2052173536093937673
2052176837292515500
2052377912175980895
2052389849164894291
2052392674297020617
2052395527967502340
2052399091066212357
2052437088088322390
2052473383380537730
2052723504336736284
2052725954590482883
2052739003514806753
2052739195257434290
2052742536309981297
2052745771347259874
2052750400252510574
2052750803388031094
2052760801862177251
2052765600946987422
2052772426270781700
2052794418097172533
2052813354192798015
2052822186075783430
2052828654623699028
2052911609945743859
2052912640515559681
2053082563166576879
2053134439664803900
2053183309983969331
2053186473856221506
2053475211983413452
2053486135679107392
2053539614808236401
2053614979899601214
2053631201219326119
2053684640259477593
2053817673805418921
2053834651999842739
2053837775871332367
2053840009216524618
2053857519424966876
2053863538397946231
2053874853002789053
2053877379521519951
2053887731181175123
2053907251073782181
2053910563097653530
2053966097901084818
2054166174695375308
2054177771853693158
2054197699486908639
2054204927505801332
2054215170650440179
2054222554684969260
2054230225555165363
2054243340221100363
2054253964753817878
2054274233572676062
2054275574831485058
2054277992122023945
2054278091841933525
2054279362757718205
2054281826647064950
2054298698407186928
2054310620808298536
2054319473566404969
2054320717446127689
2054325027659448711
2054348369523286511
2054517692753678762
2054527715697406295
2054550729294299291
2054568549075599798
2054573427655110793
2054587423523299368
2054589847805780243
2054605640522236198
2054608953204416698
2054639380623429889
2054647355828252818
2054655841605681186
2054663497246507075
2054663549776015452
2054673437981819210
2054699231663870317
2054728420362277243
2054730533092126935
2054929772912799919
2054935642832769200
2054951304502432048
2054953363557515676
2054967569874874689
2054973017298481168
2054975885153845295
2054978913885970806
2054995674069160313
2054998959790203389
2055000489494741378
2055016223440556291
2055272022398095734
2055284746649801049
2055306323508490277
2055316117564887111
2055330527326920969
2055336846041723023
2055338879943590178
2055357099522019690
2055383312135270667
2055408006808957121
2055413332547670172
2055597053598703994
2055614134851424487
2055646599116669146
2055647565861793848
2055666215213789441
2055670467407536298
2055670558738554964
2055672152448266644
2055678083298996358
2055678320478498992
2055694581652472197
2055723649823596892
2055759907551416356
2055763366564528215
2055767434955526596
2055801420805276094
2055804352716030105
2056011858201764095
2056024317981348022
2056063668706496588
2056135528752234892
2056150595002945677
2056155348898087364
2056174778176684271
2056182754484670851
2056331426555974054
2056344192620638288
2056359261525901390
2056384804636029258
2056384865789005992
2056397890759585922
2056411947982115207
2056414912960704845
2056431159832084759
2056438502959562814
2056441305476305266
2056467232327111068
2056467368054861938
2056470713423241655
2056490475859697812
2056493010758639769
2056517621453922804
2056526880782663690
2056540957017849957
2056548253634589001
2056695659760156796
2056744462831808810
2056744581425664439
2056745412384411686
2056745936328478780
2056746921067209207
2056749114180718820
2056751784421433561
2056752897988161785
2056764431149785259
2056767541683298758
2056787398344769994
2056816728626077870
2056827052851105947
2056833704870232465
2056838576344645973
2056850614731116590
2056886701591613762
2056894791145734560
2056916371427004677
2056929811965030592
2057068823103115679
2057080024327430489
2057124499854651467
2057131106005090406
2057143815966957769
2057176810056737224
2057189955500114228
2057212363753796023
2057239635730870414
2057239847576715750
2057247173239005444
2057542501271998954
2057589039826374775
2057628977934524450
2057789583903875478
2057798270814994732
2057799788003737844
2057824766690570463
2057831343929610661
2057862874727424136
2057864975243198571
2057906344930279618
2057914638814310909
2058134753426223600
2058169940276851137
2058183195221233913
2058184779808362843
2058185019655360733
2058206403391520932
2058207406002147619
2058216833740628267
2058258052663710055
2058281008043049470
2058318050240184514
2058338529902514299
2058341552234115202
2059328821392711699
2059329978227900603
2059348845390188758
2059397997113364664
2059689163096477929
2059712510219997410
2059968167326146956
2060020346581823711
2060053549665427491
2060083886571258046
2060107070947369342
2060148341363666945
2060149753787089008
2060321707051659672
2060326777499841000
2060339236218556871
2060343780905984003
2060346667728060796
2060365811601002738
2060375796707946869
2060391001852662060
2060407488126886242
2060423798470373437
2060433762916139518
2060434104974213310
2060441047788867699
2060444536405373281
2060474587071074381
2060490882395062653
2060493616015974662
2060512602875457680
2060517840457724130
2060527513646874838
687305852441591808
687698812098482181
690334668579823620
711992193263800320
714437121319297024
714618795223027712
748199854753595392
756300958259372032
757485596033949696
757662852853424128
758419160867213312
765377168914251776
800824075367120897
925684982307348480
956608485097123841
999349650699309056
999651239380959232
999679942500765696
