1357123335704969220
1358524393052381185
1476214206336843778
1836826837361508530
1851702523280626008
1881873513629523968
1882491511100850338
1882891449366138893
1882957723207393435
1884053755815252101
1885309100671598616
1885441648349352222
1885444145608544353
1885444728637870492
1885466675765559741
1890401390725358044
1891208340895654031
1891296701639426434
1892731413968846998
1892998197817045189
1894470524857614825
1894511780602187942
1894884704526225497
1895527936939487722
1895535990854598837
1895536416450593092
1895548977162125734
1895568213955727553
1895588073851011289
1897473359148970466
1898162648962756970
1899241026302169317
1899980394604175778
1905730807924433145
1906021073650319734
1906099565066875137
1906383429278601234
1916809970080756140
1917728661345542383
1928585014041624875
1938053287535616085
1938309280374960261
1944018936875372809
1944761624973213715
1946213691164078355
1948408795190751736
1949945505158414841
1951002441735905332
1951059912735236308
1951284006089060424
1952846698801402203
1953806725968277708
1956341378545238227
1956462169102409753
1960386816864829501
1961489120997290193
1961534392192422344
1961800232791916593
1962178124960948589
1969857944134066178
1970280164442714348
1973127308631257583
1981375156632133692
1982268856304550317
1983343812543140178
1984076547683447164
1989755302137172368
1992246831175102655
1995219412236808633
1995266409748713929
2001291629810868622
2012286734315233324
2012387159332770196
2013630143877488778
2014431636327125408
2015092239014171099
2019804241343234265
2021284776192377269
2021298135830499402
2022713728517501006
2024235605949919438
2024246341266780622
2024868039351574908
2026344385772699784
2026445474643820690
2026504626338402786
2027654336138924410
2028846383915008312
2034811882872205765
2035055615534379477
2036149796084334849
2036986672131326340
2037543413512303018
2037620036303557033
2037898874669391948
2038021397050437641
2039077626489303096
2039349547181207910
2039467804416434338
2039474435321721058
2039905536548982892
2040095521029677116
2041345979337654539
2042423582404272609
2042613811547394058
2043833703625851376
2043857830747484357
2044203358865510788
2045223977077907914
2049290865743393228
2049516813654851865
2049538476031238634
2049541104157020572
2049865783333761247
2049884212803604766
2049927165139992816
2050588054461489494
2050930597770535276
2051317203446776196
2051405694742515984
2051636066961027277
2051636459371663820
2051639617258922005
2051748055075225901
2052077211222511669
2052481666405269546
2052758764164428068
2052770921258143867
2053858593355579728
2053869443625726189
2057134903209099645
2057900574268375128
2057968856161780061
