1881408246067744887
1979297874031555036
2038773279788331022
2027659754122658076
1903821721922097318
2026496857866719459
2044042507403591912
2040244118706602390
2028983418801803741
2013730570065359248
2026505300363108645
2026501314893504518
2056063668706496588
2007501848358596656
2051520554373444037
1969161021232148795
2043738726178669041
2050974117977800854
2036208870343975074
2036871154523152578
2056902611559764414
2056174778176684271
2037166609358323732
2042326493406138806
2054611154698141892
2054607212513730674
1755638348301861328
2037224777598042472
2031031695659462864
2047360433489879149
2026749038024962138
2036790201792794985
2007252191564779739
2056011858201764095
2025218724555333701
2034302387523883128
2049145537002197055
2056155348898087364
2013620691661164617
2013624611280154733
2054756221647765973
2010141673389769214
2049105539603300835
2048913574097989841
2036267043394105443
2043748020613693493
2049118509477622125
2056392364495626330
2056413952599310358
2046310233174151365
1981375156632133692
1983273176907043070
1508826280929554441
2045268548193329625
2036499190415569234
1932179982106636453
2056135528752234892
1506451123674173443
2051725481926341003
2037651443595829591
2037645409309307131
2056331426555974054
1958601374591328580
1721668421086294191
2036091012687274411
2056747119877202427
1979310850403160244
2024141559025877268
1979300594020929600
1051961877121523712
2054338104316547154
2054358013310353828
1994428579178774895
2054320717446127689
2030675752413262318
2046628333639602345
2037881780343079393
2056507757780484562
1975297391235354746
2042266002004525539
2054749420227305557
2003100517283647981
2055324000511811695
2055324577312440362
2037263915260739603
2041526317284270286
2008607763795194071
2055425919234220304
2050314479678734679
2057103144153133357
2025987087166529856
2031456940090372370
2055830134448324647
2055646599116669146
2056430457315639597
2054543789738389940
2054232420522598520
2050357291933659437
2050299679758319913
2022997870061011067
2044217468630049264
1877859620644884944
2043868066518282260
2021982089265254761
2038186642486227329
1640793491633586177
2055759907551416356
2054272390532632955
2036507938873827451
2031911892109721777
2054272581520277808
2054291245640327435
2054317888165511551
2054555983586750742
2047801337081889240
2049860718758080723
2037585878088912958
2049607925849588005
2055723649823596892
2055670467407536298
2036914197225718058
2028877856541962497
2037340732546073029
2045256080180007028
2025025126828589122
2053482165673869779
1395043343248281600
2050342153482641662
2052804703335932343
2052817128433033262
2056881373500064151
1734741535755817185
2051473750873321574
2051478685484490758
1726352032104346104
1726321672175931588
2052017333049143503
2054872772828930438
2048817124504654013
1732406931460100557
1629748625390686209
2053087278335946869
2053128511091568692
2051810460865896871
2042327915858104450
1973913763784139208
1974104829917270499
2049119191576232178
2048784450109018205
2049845130945835462
2056112235219394660
1732159159829663860
2036136670622306672
2054757875688292597
2024579266151588005
2050243966151336296
2049117114464600545
2036455713023647972
2052839882507088126
2052844783660417443
2036082280037515279
2038055911067984112
2057159651263652146
2020675877428736243
2020896169958760824
2040210633841320397
2055417978611454274
2045498992293802354
2004702318890287425
1994100257307721845
1994081366359646259
2055037055931953279
1732045644108636247
2055653090099974411
2054626560754192761
2055213171242086605
2036146064047091877
2026267884226494954
2054873845358625094
2051654289874202666
2051654434262810818
2054262075547910292
2056797197056795014
2055743427963142194
2042388265852919888
2042437299342901736
1985908744178241818
2038055278172660137
2053482065107058834
1983946546052780540
2052476059447161032
2048854553408262411
2056491782561518027
2046038252113527294
2049171777926877463
2045268086119694377
2041618194335769001
2047660022125982205
2054602707407655088
2043733960195264520
1703529736985542989
1628391040787918851
2047339352640917698
2055123735338696995
2054710818608931071
1629923732448837632
2016872709121049056
1990546759630860373
1507341963690926080
1867727497435177042
1509543375388782604
1508810522111660046
