1356647916438454282
1356733211829805056
1356938598868791300
1357010933961400321
1357123335704969220
1357343722346717187
1357387746113945600
1357491041239265280
1357518350306402305
1357747715262791691
1357773822410321926
1357797986072473600
1357862987177091072
1358059960094121986
1358075040810622980
1358194139993628673
1358510076777156609
1358524393052381185
1358538936222703616
1358555538729091073
1359224365540401159
1359510068706820105
1359890040176918531
1360311277013336067
1361727137506594816
1362175455990841349
1364342104688898056
1488195188069654530
1603830758321291267
1911875858748588390
1945562831845286087
1961522742861213809
1962514496364142967
1976067740113960974
1984763456096989598
1984765722522685630
1991219955774235060
2002063883624648729
2009647116054847768
2013624611280154733
2017281765702811865
2019829010658914708
2026835076806299654
2027435055296004257
2028930326249259173
2034267508455194675
2038651214041129209
2041905605879755153
2041924076130771435
2044078019233386573
2046617482111111340
2047001242384089285
2047322206229721550
2048715200774201683
2049171777926877463
2049845130945835462
2049940632362496136
2051298305515172134
2055287184815538373
2056735360147730868
2056857524851060810
2057125065397784877
